349
1286
4290
4764
5080
5253
6195
6388
6759
7336
7615
7792
7809
8166
9000
9290
10350
10383
10595
10803
12070
12301
12510
13130
13172
13389
13749
13982
14051
14893
15313
15493
15872
17664
17987
18338
19507
20557
20753
23372
24213
25355
25622
26256
29918
30633
31726
31819
32077
32332
33057
34501
37222
38172
38743
41329
41353
41560
41759
42212
42608
42838
42919
43276
43862
43863
43886
44098
45721
45928
45953
46151
46272
46279
46882
47064
47521
47657
47753
49225
49668
49944
52120
54854
58967
60173
60445
60556
60824
61036
61986
63363
63419
63906
64193
64534
66579
66785
66883
67602
67816
67817
67848
68881
68999
69665
71173
71362
73496
74805
75463
75954
79293
79598
79740
79915
80891
81074
83530
86062
87490
87833
89809
92972
93419
94154
98156
98186
98224
99987
100846
101051
102400
103804
103983
106838
107338
108288
108357
110757
113489
113679
114577
115816
115831
115834
115867
116597
122232
122504
122535
124132
125098
125876
127317
129859
129959
129963
130151
131438
131455
131571
132681
133676
135139
136389
136436
136774
138656
139343
139644
139733
141887
142718
143853
144494
145486
146279
149912
155272
155443
155708
155952
157164
157337
157556
157666
157749
157806
157915
158345
158916
159299
159991
160523
161040
161140
161141
161324
162276
162532
162933
165162
165432
165818
166269
166382
166471
166871
166908
166968
167311
167638
167751
168176
168528
174414
174443
175615
176012
176844
178918
178990
179015
179023
180300
180681
181130
181379
182178
182553
182554
184408
185243
185418
186251
187121
188654
191779
191831
192861
193106
194170
195117
195668
196171
196928
199699
199960
200343
200449
201452
201608
202229
203036
203122
203369
205337
205917
207051
210835
214969
215091
217023
217370
217473
217774
218652
218725
234233
236811
239905
240089
241198
241868
244535
244974
245888
251118
251900
253119
253688
257390
257435
257516
258056
258316
259426
264296
264350
264871
264986
265426
267152
267217
269052
271323
271325
273799
273809
274539
276619
276775
277633
278763
279373
283214
283687
283698
283969
285056
287484
287491
287800
288035
288102
288752
290830
291724
293655
294335
294420
294451
295352
296505
296767
297646
300189
300219
300606
301415
301843
301872
303043
303540
304075
304786
304875
305781
305984
308473
308922
310729
312873
313285
314710
315737
315795
318528
319032
319621
319629
319748
320069
320194
321183
321184
322284
324859
325981
326119
326687
327614
327638
328705
328834
330320
331219
331591
331696
331773
332271
332977
334317
334806
334807
336261
336616
336740
336928
337205
337726
340234
340675
341540
341592
342845
343132
343227
343522
344392
345343
345497
345777
346714
347222
351512
351774
352202
352730
355808
356700
357475
358366
358608
359450
360116
360530
362505
363567
366536
367132
369014
369726
372770
373397
373831
378054
378055
378330
380379
382668
382758
385038
385787
386210
386261
386736
387856
388001
389112
389670
390190
390766
391247
392017
392123
392458
392826
392893
392995
393627
393680
393721
393832
394279
395138
396547
396917
396973
397047
397114
397147
397721
397816
397919
398732
399150
399701
400293
401805
402839
402865
403027
403037
403912
403914
404330
405817
405856
405871
405974
406057
406275
406357
406674
406988
407260
407450
407512
407703
407704
407836
407957
408100
408229
409097
409177
409485
409683
410419
411010
411248
411644
411936
412033
412093
412098
412101
412561
413266
414215
414431
418186
418704
418791
419474
419761
419863
421787
423391
423927
424677
430046
430558
434825
436579
436903
438287
439940
442208
442366
443370
445541
446789
446802
450018
450583
450759
452707
452830
454943
455252
455255
455337
455448
456627
457098
458787
459008
464001
465219
466940
467132
469324
469881
471913
473815
473822
475860
476043
477223
479361
481660
481691
482737
483247
484031
485773
486351
487576
487731
487804
487870
487953
488874
489683
490460
491428
491534
491586
493444
495025
495350
496896
498404
498581
499713
499745
501711
501770
505890
506293
506932
507661
509099
510595
510642
510867
512604
512978
513691
513969
514347
517204
517939
520208
521232
522625
524002
524512
525245
526056
526491
526900
527876
528210
528216
528274
528281
528486
531294
531651
531659
532650
532687
534048
534824
534979
535462
535902
536396
536978
537660
538170
539835
539881
540671
541064
541245
541474
542437
545480
545603
546944
549407
550523
554278
555208
556792
557881
557883
557917
558763
559893
560108
560192
560266
560318
560891
562509
562716
562922
564208
564215
564543
566067
571445
571463
571465
571778
573890
574924
576180
576262
577054
577635
577874
577892
580005
580368
580947
581587
581796
582637
582926
583322
584151
584765
584768
586915
589595
589907
590622
591758
592616
594557
597615
598408
599554
599881
599898
600017
603218
603909
604159
604213
604645
605872
606252
610743
614076
614082
614656
614807
618418
619495
619513
619885
620742
621736
621800
624102
624481
627880
629786
629863
631269
631498
633530
633807
635737
636884
636952
638817
641180
641221
643252
653267
653542
655083
657674
658263
662423
662915
663132
664892
665041
668047
668503
669749
671134
671179
675499
676876
680581
683777
684065
686873
690203
690456
691761
694087
694768
695102
698664
701428
702438
702453
704584
705039
705540
705617
705807
705817
706566
707739
707972
710440
712228
712548
713156
714384
716882
717178
717232
717667
718416
718461
718529
718890
719134
719468
720066
720619
720656
721628
721764
722681
723566
723592
724103
724296
724549
725331
725629
726385
726686
729333
729494
730311
730817
730928
731606
731898
732988
733005
733359
733426
734652
734678
735045
735241
735300
736375
736547
736571
738119
738451
746682
753390
754763
754854
755099
755271
756131
759272
759804
760984
761583
761850
762391
767878
769951
774339
774531
774825
775876
775920
775921
776408
778118
778496
778673
780077
780099
780594
785553
785566
786516
789901
790694
791601
794064
794252
796531
796546
796880
800544
803389
804188
804410
805947
806274
807757
810413
811205
811410
811528
812763
814889
815790
815897
817140
819090
820388
820746
821756
822551
822603
822814
822817
823831
828385
831132
833888
840450
841370
841458
841554
841815
844172
845283
846194
849214
850054
850500
850569
851050
851060
852513
852798
853846
857043
857405
858814
858863
858939
859715
862522
864099
866088
870296
870646
874068
875993
878037
879050
879866
879938
879941
882527
882964
884334
888987
888989
889229
889473
889698
890633
891683
891844
892111
892609
893320
894600
895577
895605
896552
899253
900003
900474
902607
903072
905550
905811
906097
906416
906531
906622
906983
907355
907691
908524
909219
910154
911119
911995
912502
912957
913668
914123
915826
917300
917542
917604
917774
917819
919104
927693
927697
928489
929186
929819
930584
930782
930926
932500
937425
938175
938361
938389
938582
939284
940476
940477
943281
945157
945159
945324
945486
945590
945779
946680
947333
951211
951747
953891
954827
954882
955934
956882
957337
958514
958812
959179
963282
964150
966451
967879
968690
968691
970178
970487
970490
970920
974401
976260
982082
982355
983766
