100028
100148
100260
100374
100398
100436
100481
100547
100742
100846
101051
101089
101275
101630
101687
101777
101865
102372
102400
102423
102483
102485
102490
102875
103253
103362
10350
103657
103708
103804
10383
103845
103846
103968
103983
104106
10438
10455
105129
105219
10551
10562
10595
106016
106034
106112
106113
106195
106232
106337
106367
1065
10651
106838
106885
107338
107352
107372
107437
107472
107588
10803
108253
108288
108357
108377
108507
10931
109362
109459
110254
110462
110514
110618
110749
110757
11080
110932
111070
111170
111234
111235
111632
11217
112435
113464
113489
113540
113571
113679
113729
114098
114253
114538
114577
114593
114665
114855
115441
11550
115506
115518
11561
115624
115792
1158
115816
115831
115834
115867
116149
116331
116336
116503
116597
116655
116777
116916
117005
117155
117335
117340
11740
117813
117952
117968
11807
118225
119538
120151
120694
12070
120760
120762
120778
120796
12081
120907
12133
12134
121348
121349
12139
121413
121429
121480
121499
121531
121668
121768
121803
121902
122086
122100
12221
122232
122263
12228
122406
12247
122500
122504
12252
122520
122535
122538
122546
122567
122569
122574
122581
122593
122655
122682
122688
122692
122694
122715
122750
122875
122890
122996
12301
123037
123093
123186
123297
123299
123354
123437
123476
123586
123622
123996
123997
124117
124121
124123
124124
124128
124129
124130
124131
124132
124214
124234
12425
124319
124411
124523
124548
124975
125072
125098
125099
12510
12530
125336
125379
125387
125474
125478
12552
125876
125882
125963
125976
126060
126215
126248
126575
126695
12675
127061
127317
127456
127874
12807
12825
1284
1286
128641
128681
129859
129959
129963
130151
131250
13130
131438
131453
131455
131476
131505
131506
131558
131571
13172
131914
1323
132323
132681
132866
133028
133124
133298
133310
133323
133632
133676
133713
133723
133810
133889
13389
133968
13441
135139
1359
136389
136436
136774
136785
13696
13699
137030
137049
137050
137056
137066
137201
137270
137321
137351
137362
13749
137591
137616
137719
137720
13777
13778
13779
137895
138656
139171
139188
139219
139343
13951
139644
139676
139692
139731
139733
139751
139757
139788
13982
140055
140213
140406
14051
140519
140627
140634
140813
140820
140864
141003
141080
141096
141097
141133
141138
141374
141455
141471
141553
141677
141737
141817
141819
141855
141883
141887
141954
141977
142044
142045
142075
142078
142101
142207
142208
142298
142341
142361
142388
142508
14251
142511
142567
14257
142579
142589
142590
142591
142655
142718
142740
142741
142830
142838
142876
142878
142879
142988
143262
143269
143270
143306
143590
143812
143853
143854
14422
144386
144494
144525
144586
145246
145277
145383
145470
145486
145630
145636
145830
145855
146080
146279
146429
146457
146458
146660
146745
146747
147169
147371
147376
1481
148747
148815
14893
149542
14980
149912
150415
150883
150910
1515
15166
15168
15169
151796
152218
15232
15233
152341
152349
15236
15237
152387
152679
152694
153113
15313
15365
15376
15377
154028
154041
154302
154348
15463
15465
15493
155187
155272
155389
155443
155706
155708
155838
155902
155952
155954
156217
156260
156263
15635
156739
156855
157076
157159
157164
157180
157225
157313
157337
157374
157556
157636
157666
157749
157806
157913
157915
157919
158134
158340
158345
158608
158618
158621
15872
158772
158916
158996
159039
159070
159091
159130
159260
159263
159264
159299
159322
159337
159398
159412
15963
159631
159821
159991
159994
160518
160519
160523
16064
16065
16066
160766
160996
161040
161046
161140
161141
161162
161179
161324
161329
161422
161492
162157
162167
162187
162276
162532
162559
162618
162838
162933
162990
163023
163747
163871
164259
164274
164567
164777
164778
164792
165032
165125
165162
165284
165432
165534
165646
165663
165818
165857
16614
16617
166231
166269
166376
166382
166391
166393
166437
166441
16647
166471
166479
166490
166498
166534
166574
166597
166871
166906
166908
166968
167166
167311
167417
167638
167640
167751
167752
167777
167831
167871
168176
168328
168462
168528
169229
169278
16948
169607
170584
170622
17078
171310
171398
171505
171641
171904
171994
172025
17209
172316
172602
172635
172654
172658
172687
172883
172963
173940
174020
174347
174414
174443
174863
175615
175838
176012
17664
176651
176810
176844
177273
17755
177696
17779
178023
178034
17812
178374
178413
178458
178604
178672
17872
178749
178786
178842
178869
178918
178990
178991
179015
179023
179169
179223
179253
179513
179843
17986
179865
17987
179911
179916
179918
180080
180085
180107
180109
180151
180278
180285
180300
180368
180462
18056
180681
180691
180692
180695
180700
180934
181036
18106
181130
181173
181336
181349
181351
181365
181377
181379
181515
181517
181744
181925
181934
181974
182026
182029
182178
182553
182554
18338
183437
183763
184204
184368
184389
184408
184409
184832
184877
184896
184989
185049
185240
185243
185247
185418
185433
185584
18565
185684
18586
186096
186131
186134
186154
18618
186251
187121
187218
187437
187453
187782
18804
188372
188654
188686
188688
18890
188944
189035
18905
18906
190370
190492
19127
191289
191779
191791
191831
192295
192553
192861
193106
193200
193232
194170
194604
194605
194745
195030
19507
195082
195083
195103
195116
195117
195250
195536
195595
195668
195690
195793
195794
195931
196166
196171
196221
196276
196506
196639
196928
196978
196979
196981
197073
197131
197308
197481
198233
198440
198492
198528
198546
198853
198953
19916
199166
199483
199550
199615
199687
199699
199929
199960
200056
200343
200449
200592
201333
201355
201421
201452
201607
201608
202150
20221
202229
202442
202939
203000
203036
203041
203122
203173
203369
20338
203434
20346
203511
203588
203590
203591
203599
203717
203742
203786
203853
203860
203901
203902
203905
204009
204011
204026
204064
204118
204194
204225
204331
204332
204515
204546
204756
204807
204822
20507
20522
20529
205337
20557
20558
205917
20652
20653
206581
206622
2070
207051
207083
207084
207085
207468
20753
20806
208121
208123
208152
208166
208252
208262
208316
208453
208701
208733
209164
209165
209211
209212
20923
209578
209680
210170
210263
210264
210272
210350
21056
210620
21063
210835
211077
211179
211436
211526
211705
211736
211757
211782
211874
212034
212738
212768
21296
213072
213139
213238
213336
21385
21386
213881
213901
213959
214705
21483
214914
214969
215091
215609
215749
215783
215838
216176
21638
216415
216456
216457
216460
216805
216813
217023
217036
217168
217368
217370
217371
217473
217772
217773
217774
217857
217865
218507
218652
218725
219010
219055
219068
219293
219332
219525
219591
219619
219691
2197
2199
219909
220108
22032
221303
222117
223267
224204
224501
224644
226768
227476
227484
227600
227700
22791
227991
228168
228625
228774
228937
229646
2306
230812
231701
2329
233451
23368
23370
23372
23373
23375
234233
234388
234391
234762
234896
234900
234901
235026
235037
235767
235851
236037
236275
236811
237005
237089
237683
237684
238245
238256
238495
238653
238758
238759
239183
239185
239336
239337
239449
239858
239905
239979
240065
240089
24011
240172
240248
240287
240456
2405
240812
240850
24095
241198
241199
241201
241518
241633
241644
241666
241775
241848
241868
241916
241928
242037
24213
242454
242474
242517
242524
242529
242538
242608
242617
242618
242620
242665
242668
242701
242766
242835
242891
242912
242922
243823
24386
244125
244126
244131
24434
244535
244652
24483
244892
244974
245005
245172
245564
245568
245821
245888
245924
246031
246218
246430
246562
246982
247255
247325
247343
248581
248906
249167
249278
249536
25019
250494
250531
250604
250723
250806
251023
251113
251118
251417
251900
252026
252593
252746
253119
253121
253263
253337
25355
253596
253649
253688
253712
254186
254227
254253
254545
25461
254938
254939
254940
255140
255363
25550
25622
256253
256254
256326
256458
256924
257097
257322
257344
257351
257367
257390
257435
257516
257540
257563
257694
257735
257768
257789
257853
258056
258099
258100
258101
258316
258473
258545
259332
259424
259426
25946
259640
259644
259674
26144
261727
261728
261758
262150
262341
262456
26256
262917
263
263063
263099
263134
263135
263145
263804
263839
263918
264015
264039
264130
264296
264350
264558
264601
264651
264675
264847
264871
264916
264986
265426
265951
266068
266075
266106
266202
266335
266336
266340
266458
266574
266575
266633
266634
266794
267066
267152
267217
267264
267416
267589
267711
267745
267816
267821
268179
268243
268248
268361
268366
268367
268369
268378
268411
268425
268427
268486
268511
268673
268681
268862
268989
26902
269052
26957
26974
269839
269864
269979
270180
270223
270246
2703
270377
270541
270570
270668
270727
270779
270806
270851
270857
270892
270978
271013
271020
271294
271323
271325
271326
271428
271455
271464
271466
2717
271769
271803
272020
272365
272627
272722
272753
272786
273125
273248
273261
273409
273481
273756
273799
273809
273810
273957
274093
274098
274103
274252
274523
274539
274547
274619
274624
274684
274689
274904
275049
275179
275355
275645
276193
276209
276322
276382
276598
276619
276650
276742
276775
276807
276990
277192
277245
277294
277509
277550
277582
277590
277633
277827
277854
27807
278763
278837
278851
278897
279297
279373
279374
279426
279490
279651
279677
279934
280707
280818
280915
281072
281338
281380
281754
282120
282198
282240
282693
282694
282695
283185
283214
283595
283653
283687
283693
283698
283743
283763
28381
283969
284421
284524
284614
284642
284707
284924
284927
285056
285108
285122
285174
285663
285823
285845
285855
285868
286149
286280
286334
286365
286366
286399
286402
286479
286616
286667
286767
286770
286774
286854
287020
287354
2874
287477
287484
287491
287644
287646
287720
287800
287867
288018
288035
288102
288104
288477
288752
288798
288821
288823
288856
288937
288992
289030
289063
289121
289177
289210
289509
289526
289548
289590
289721
289790
289891
290434
290598
290755
290826
290830
291107
291193
291344
291639
291724
291794
291800
292007
292235
292363
292434
292708
292866
293378
293655
293864
293939
294002
294138
294139
294330
294335
294420
294450
294451
294594
294621
294772
294852
294948
295144
295145
295198
295325
295352
295416
295429
295441
295485
295486
295511
295523
295524
295530
295544
295545
295637
29572
295728
295730
295769
295770
295953
295962
295963
296013
296065
296067
296113
296136
296205
296298
296505
296535
296542
296543
296580
296594
296596
296653
296722
296750
296767
296790
296793
296804
296824
296872
296877
296961
297003
297007
297077
297079
297238
297241
297299
297345
297468
297645
297646
297647
297648
297732
29839
29841
29918
299726
300188
300189
300190
300219
300220
300417
300521
300524
300606
300710
30114
301157
301159
301319
301415
301843
301872
302054
302183
302197
302322
30234
30268
303043
303044
303160
303162
303318
30338
303540
303603
304075
304076
304366
304753
304786
304855
304875
305007
305031
305079
305088
305184
305254
305373
305473
305488
305734
305781
305981
305982
305984
306002
306265
306279
30633
306338
30643
30673
30678
30693
307253
307399
307405
307763
307871
307980
308007
308063
308086
308108
308298
308473
308486
30852
308547
308550
308559
308583
308586
308614
308647
308658
308718
308787
308788
30881
308869
308888
308922
309047
309053
309062
309068
309070
309071
309074
30912
309145
309178
309180
30925
309308
309331
3094
30946
309962
310729
311682
312328
312338
312368
312389
312470
312502
312596
312770
312824
312873
312897
313285
313311
313570
31358
31359
313843
31408
314659
314710
314917
315000
315001
315003
315481
315566
31564
31566
315705
315737
315744
315769
315770
315795
316163
316296
316344
316384
316633
316656
316657
31692
317137
31726
31727
318
31819
318298
318528
319032
319547
319559
319575
319621
319629
319748
319766
319770
319811
319873
319874
319975
320069
320104
320172
320183
320194
320615
320662
32077
320784
320902
321014
321015
321033
321067
321137
321183
321184
321188
321474
321477
321492
321538
321558
321765
321766
321767
321768
321769
322284
322371
322407
322524
323050
323261
32332
323370
323393
323838
323997
324348
324461
32451
324822
324859
32496
324983
32551
32562
325733
325981
326066
326089
326119
326203
326687
326841
326842
327149
327150
327523
327526
327614
327638
32782
327874
328087
328096
328169
328179
328257
328258
328260
328265
328568
328574
328578
32858
328704
328705
328798
328834
328835
328836
328877
328985
329042
329076
329149
329183
32921
329293
329389
329438
329874
329909
330163
330220
330263
330292
330320
330321
330546
330566
33057
330696
330718
330871
330920
330926
331056
331070
331148
331174
331219
331231
331358
331459
331463
331464
331527
331573
331591
331602
331636
331675
331687
331696
331737
331745
331773
331846
331894
332271
332512
332559
332586
332589
332594
332606
332615
332713
332742
332773
332824
332920
332926
332937
332977
333006
333021
3333
333608
33370
333850
333967
334317
334318
334718
334721
334731
334806
334807
335527
335891
335926
336040
336113
336239
336261
336485
336486
336616
336701
336717
336726
336736
336740
336802
336826
336827
336881
336901
336928
336947
336971
337116
337192
337205
337257
337401
337523
337575
337726
337796
337918
337957
33826
338753
338998
339064
339087
339247
339260
339366
339386
339896
339902
340034
340057
340234
340235
340446
340485
340675
340677
340808
340824
341362
341427
341461
341540
341573
341579
341592
341742
341750
341753
341850
341883
341929
342025
342091
342458
342484
342734
342737
342764
342835
342845
342997
343132
343133
343139
343148
343151
343187
343227
343273
343294
343413
343434
343443
343444
343454
343506
343522
343615
343619
343625
343626
343642
343659
343662
343723
343853
343936
343969
343980
344047
344161
344169
344235
344324
344381
344382
344392
344439
344472
344549
344594
344601
344675
344746
344748
344790
34501
345011
345087
345088
345139
345163
345245
34529
345299
345342
345343
345371
345393
345419
345486
345497
345630
345777
345821
345924
346253
346287
346434
346450
346541
346584
346714
346760
346762
346774
346777
346871
347024
347104
347109
347146
347222
347242
347249
347441
347446
347505
347603
347822
34819
349
349000
3492
349466
349470
349478
34950
349508
349548
350047
350124
350131
350217
350387
350532
350563
350665
350988
351512
351671
351723
351772
351774
351818
351827
351986
352039
352202
352730
353304
353349
353469
353493
353553
353584
353634
35378
353822
354179
354197
355017
355354
355356
355807
355808
355928
355953
356026
356032
356113
356187
356297
356391
356458
356532
356664
356668
356677
356679
356700
356726
356731
356981
357331
357453
357475
357510
357708
357835
358333
358366
358373
358455
358461
358507
3586
358608
358631
358632
358670
358995
359081
359083
359137
359223
359266
359274
359374
359388
359391
359423
359450
359465
359474
359476
359480
359485
359506
359539
359550
359554
359594
359597
359667
359693
359750
359754
359755
359813
359816
359892
360004
360056
360116
360245
360530
360676
360693
361
3610
3614
361430
361996
362504
362505
362702
362728
363012
363252
363536
363567
363950
364019
364119
364222
364540
364779
364847
364898
365028
365030
365122
365314
365584
365621
365813
366121
366177
366536
366922
366925
366976
367038
367074
367132
367133
367396
367485
368458
368471
368576
368621
36873
368872
368881
369014
369599
369726
369881
369922
370192
370194
370195
370381
37187
371876
372122
37222
37252
372603
372768
372770
37295
373016
373045
373076
373214
373215
373383
373397
373399
373456
373515
373564
37359
373606
373741
373831
373945
373980
374171
374199
374235
374300
374434
374756
37505
375055
37535
375565
37558
375600
375672
375673
375675
375676
375855
376210
376319
376335
376338
376975
37765
377764
378054
378055
378243
378330
379074
379834
380151
380285
380379
380701
380813
38121
381548
38172
382
382099
382668
38273
382758
38279
383069
384276
384282
384444
384511
384982
385038
385058
385322
385410
385411
385495
385532
385538
385539
385580
385624
385723
385787
385800
385899
385904
385918
385976
386104
386113
386117
386120
386121
386210
386250
386261
386326
386363
386500
386502
386526
386574
386575
386690
386722
386736
386747
386754
386834
386844
386885
38692
38729
38743
387465
387483
387513
387639
387640
387703
387775
387778
387811
387835
387856
387881
387882
387896
387900
388001
388155
388161
388163
388165
388305
388346
388401
388434
388481
388824
388865
38900
389111
389112
389138
389517
389670
389704
389781
389802
390172
390190
390237
390535
390588
390605
390606
390697
390711
39073
390766
390826
390852
390885
390890
390891
391012
391029
391030
391142
391151
391153
391193
39121
391224
391246
391247
391263
391272
391319
39145
391811
391832
391856
392006
392017
392045
392065
392123
392124
392377
392458
392568
392595
392603
392627
392756
392812
392826
392893
392912
392995
393072
393073
393074
393102
393262
393273
393512
393553
393574
39360
393627
393680
393721
393736
393832
393834
394279
394354
394378
394401
394442
394446
39445
39448
394494
394514
394519
394523
394549
394565
394759
395138
395209
395210
395215
395217
395250
395683
395771
39583
396284
396399
396411
396468
396475
396547
396657
39688
396917
396973
397002
397017
397047
397114
397147
397332
397339
397552
397646
397673
397690
397721
397816
397919
398225
398244
398402
398692
398694
398732
398742
398778
398793
398795
399084
399150
399326
39937
399697
399701
400198
400293
400493
400526
400580
400658
401316
401805
40187
40191
402060
402609
402801
402839
402865
402875
402900
402908
403027
403036
403037
403074
403082
403164
403165
403166
403171
40318
403298
403362
403504
403590
403661
403662
403699
403792
403795
403912
403914
403966
404074
40410
404109
404181
404285
404296
404330
404421
404422
404491
404552
404805
404897
404922
405020
405118
405205
405212
40527
40536
405371
405385
405419
405464
405522
405692
405800
405817
405856
405871
405880
405974
406057
406190
406242
406243
406275
406319
406320
406322
406324
406357
406389
406390
406674
406792
406813
406946
406959
406988
407030
407191
407260
407381
407407
407450
407502
407508
407512
407526
407633
407703
407704
407753
407825
407836
407837
407900
407957
408100
408160
408168
408224
408229
408448
408450
408458
408556
408559
408805
408816
408859
408891
409060
409097
409132
409146
409177
409179
409276
409277
409278
409288
409290
409296
409301
409309
409408
409411
409422
409471
409472
409485
409673
409683
409692
409694
409695
410026
410051
410057
410058
410062
410122
410179
410185
410189
410217
410223
410290
410407
410419
410522
410692
410695
410696
410703
410875
410944
410957
411010
411197
411245
411248
411392
411408
411480
411510
411559
411591
411642
411644
411664
411887
411936
412033
412093
412097
412098
412101
412120
412148
412191
412202
412224
412314
412424
412425
412479
412480
412516
412561
412565
412671
412688
412696
412774
412808
412842
412867
412901
412986
413038
413145
413185
413255
413266
413278
41329
413376
413386
413393
413422
413461
41353
413582
413697
413757
413762
413947
413949
414146
414190
414208
414215
414373
414431
414454
414492
414550
414634
414760
414964
415023
415032
415120
415165
41560
41759
417744
417981
418176
418178
418186
418238
41846
41851
418704
418791
418938
419057
419221
419225
419234
419474
419584
419761
419863
42033
420384
42078
420918
421223
421310
42155
421787
422024
42212
422161
42251
42258
4226
42264
42274
422742
42289
42295
42304
42312
42319
42325
42334
423391
42343
42350
42359
423633
42369
42378
42387
423927
423956
42396
424003
42405
42414
424149
42424
424283
42433
42440
424464
424677
424692
424743
424770
424785
424913
424919
424922
424942
425220
425279
42529
42535
425944
42608
426204
426318
42649
42677
42681
42685
42689
42693
42698
42702
427034
42706
42710
42714
42718
42722
42727
42734
427618
427739
427787
427854
427855
427929
427932
428256
428330
42838
428518
428675
4290
42919
429221
429325
429349
429408
429602
42961
429618
429657
42968
430005
430041
430046
430169
430174
430179
430181
430558
430604
430735
430884
431074
431279
431364
431370
431464
43148
431768
43253
432563
43276
432969
433143
433216
433254
433765
43426
434268
43430
43434
43438
43442
43446
43450
43455
43463
434692
434695
434825
434843
435578
435604
435607
43566
435671
43572
43576
435949
436013
436135
436529
436579
436618
436867
436903
437045
437307
437310
437388
437451
437585
437607
437701
437713
438287
438610
43862
43863
438679
438708
438824
43886
439016
439135
43989
439940
44008
440579
440872
44098
44123
44201
442179
442208
442366
442367
442407
442440
442585
442644
442671
442921
442922
442972
443080
44312
443123
44325
443370
443380
44494
445073
445222
445521
445541
445552
445570
445683
445733
445973
44614
446159
446175
446189
44619
446258
446269
446378
446452
446458
446466
44647
446789
446802
44694
447136
44753
447955
448040
448213
448476
448705
448707
44894
449202
449219
449220
449254
44936
44941
449471
449624
44978
449810
44982
449838
44990
44998
450018
450025
45026
45033
450371
450381
45039
45041
45043
450457
45047
450471
45048
45058
450583
450748
450759
450780
450788
450888
4509
4511
45115
45136
45143
45158
45239
452688
452707
452712
452820
452830
452886
453338
45345
45350
453541
453631
45366
45408
45410
45419
454462
45479
454943
455190
455252
455253
455254
455255
455256
455279
455337
455448
455458
45585
456110
456175
456179
456337
456347
456424
45647
456552
456627
456721
456785
457017
457095
457096
457098
457125
45721
45769
45859
458787
458797
459008
45925
45928
45953
45989
460894
461380
46151
46226
462507
46272
462758
46279
462843
46287
46289
4634
4635
463633
463640
463753
464001
464078
464079
46444
464457
464976
465219
465221
465222
465253
46548
465512
465739
46599
466459
46651
466604
466940
467132
467299
467627
467886
467893
467943
46819
468732
46882
46883
469304
469305
469320
469322
469324
469366
469738
469749
469761
469766
46986
469881
469904
470420
470436
470450
470452
470461
470485
470539
47064
470694
470759
47085
471109
471136
471222
471913
472060
472333
472335
472648
472889
472894
472895
472896
473005
47325
473374
473382
473555
473711
473782
473789
473792
473815
473822
47424
47427
4750
47521
47534
47535
475500
475860
475862
476041
476043
476088
4764
47651
47657
476728
476874
476876
476877
476897
476975
477031
477185
477223
477477
477478
47751
47753
47754
4776
477747
47777
477906
477908
47795
477973
477975
4781
47828
478681
478683
478709
478724
479003
479095
479171
479191
479322
479361
479793
480212
480591
480720
480721
481660
481691
481747
481870
48229
48232
482320
48234
482454
482591
482606
482647
48268
482735
482737
482754
482809
482830
483227
483247
483694
483697
484031
484144
484260
484288
484305
484889
48492
485342
485395
48567
485773
486351
486477
486489
486619
486658
486659
486660
486680
486684
486796
486799
486818
486821
486823
486833
487154
487209
487329
487576
487613
487614
487731
487804
487870
487952
487953
487954
488139
488354
488355
488556
488700
488725
488874
489052
489278
489293
489305
489349
489381
489406
48959
489683
490124
490212
490213
490447
490460
490618
490800
490805
490945
491073
491428
491430
491477
491494
491534
491586
491588
491846
492055
492233
492236
492249
49225
49226
492268
492468
492675
492719
49290
493001
493003
493200
493240
493247
49343
493437
493444
494542
494701
494714
494715
494778
494983
495022
495025
495348
495350
495616
495815
495881
49616
49666
49667
49668
496680
496798
496894
496896
497130
49723
497259
49745
497459
497460
49747
497786
497976
498185
498404
498581
498695
498734
498765
49944
499466
499489
499554
499660
499713
499745
499781
500111
500147
500421
500492
500772
500787
501056
501102
501216
501687
501690
501711
501733
501770
501847
501976
502141
502182
502339
502343
502470
502728
502754
502853
502927
503041
50322
503340
50353
50411
504604
50462
504629
505889
505890
505964
506115
506168
506172
506173
506229
506274
506293
50640
506419
506437
506597
506803
506932
507575
507597
507661
5077
5080
508079
50817
509099
509255
509389
509394
50966
510132
510503
510505
510595
510642
510848
510860
510867
510893
511002
511065
511145
511148
511151
511229
511519
511782
511956
512561
512604
512649
512692
512725
512726
512867
512978
513081
513083
513204
513211
513227
513229
513238
513264
513381
513442
513462
513491
513542
513658
513669
513691
513695
513697
513817
513818
513866
513925
513968
513969
514007
514018
514048
514068
514074
514347
5144
514672
514705
51474
51492
515103
515531
515612
515774
51622
516239
516670
516847
517204
517305
517565
517876
517939
519072
519264
51998
520208
52120
521232
521588
521756
521862
521999
522433
522461
522473
522476
522573
522576
522625
52264
522640
522900
522992
523179
523433
523444
523526
523639
523731
523967
524002
524512
524890
525245
5253
525438
525490
525494
525610
525643
525735
525769
526
526056
526335
526363
526399
526491
526557
526658
526701
526803
526871
526886
526900
526960
527170
527174
527177
527294
527339
527603
527612
527655
527874
527876
527962
528063
528195
528196
528208
528210
528213
528216
528221
528229
528231
528241
528247
528252
528253
528254
528255
528262
528266
528268
528274
528277
528278
528281
528288
528292
528312
528313
528371
528426
528486
528531
528545
528688
528762
528851
528896
528897
528898
52919
529239
529378
529412
529894
530709
531269
531292
531293
531294
531532
531549
531551
531651
531659
531944
531954
532
532002
53206
532326
532413
532504
532536
532614
532650
532661
532673
532687
532847
532867
533273
533349
533528
53363
533711
533753
533755
533814
533839
533881
533896
533978
534018
534048
534058
53435
534391
53447
534817
534824
534832
534916
534979
535271
53546
535462
535480
535512
535902
535947
535980
535989
536022
536330
536362
536365
536396
536472
536498
536513
536514
536600
536733
536890
536978
537002
537660
538168
538170
538235
538237
538290
538561
538567
538649
538659
538662
538905
538932
538938
538948
539037
539067
539127
539132
539150
539179
539207
539208
539299
539301
539305
539382
539428
539458
53954
539606
539610
539663
539718
539729
539734
539790
539835
539881
540095
540111
540203
540210
540415
540416
540417
540539
540550
540566
540608
540671
540811
540814
540824
540868
540893
540896
540903
540984
541064
541245
541294
541350
541474
541767
541943
541947
542035
542050
542228
542437
542463
542486
542626
542747
542835
542954
54318
543728
543776
544053
54412
544332
544924
545027
545036
545259
545301
545310
545313
545314
545315
545340
545343
545357
545432
545468
545480
545555
545556
545603
545714
546493
546791
546797
546944
5473
5474
5479
547920
548028
548162
5482
548439
54854
548574
548610
548917
549159
549198
549244
549288
549328
549407
54943
549588
549816
550302
550334
550342
550523
550612
551510
551511
552422
552642
552678
55333
553408
553617
554278
554449
554460
554584
554602
554759
554986
555208
555505
556422
556444
556445
556597
556792
556906
556908
557111
557142
557173
557182
557399
557825
557881
557883
557917
557918
557946
557986
558270
558322
558333
558420
558424
558462
558526
558664
558706
558763
558928
558930
558986
559034
559035
559036
559234
559246
559258
559541
559578
559607
559630
559633
559654
559807
559810
559893
559989
560100
560101
560102
560108
560160
560192
560266
560318
560433
560633
560863
560891
560893
561081
561379
561567
561652
561701
561830
562124
562156
562291
562292
562456
562458
562509
562716
562922
563987
564048
564208
564215
564301
564306
564401
564543
564592
564880
565296
565490
565543
565568
566067
566089
566276
566610
566717
567
567483
567525
568751
569167
5700
570163
570632
570642
570732
571445
571463
571465
571473
5716
571778
573890
573912
574424
574555
574582
57466
574673
574913
574923
574924
57579
576003
576046
576180
57625
576262
576459
576602
576768
576834
576877
576933
577054
577146
577569
577635
577771
577874
577892
577906
578045
578046
578054
578213
578222
578420
578567
578570
57948
57950
580005
580071
580267
580306
580307
580368
580635
580647
580740
580947
581221
581585
581587
581653
581661
581703
581712
581796
581843
582164
582194
582200
582211
582617
582630
582637
582773
582926
583103
583136
583157
583182
583208
583322
583627
583875
584151
584706
584765
584768
584770
585121
585427
586421
586914
586915
587128
587207
588480
588513
589005
589179
589252
589420
589446
589595
58967
589731
589907
590016
590072
590317
590472
590622
591136
591758
592398
59255
592567
592569
592570
592616
592643
593229
5938
593941
593954
593956
594557
595409
595533
595635
595930
596645
59721
597531
597615
598053
598220
598263
598326
598408
598475
598706
598709
599200
599321
599554
599661
599750
599881
599882
599898
599917
599966
599981
600012
600017
600102
600517
600569
600670
60079
600860
600922
601091
601231
601372
601664
60173
60198
602131
60217
602868
60293
603218
60343
603909
604159
604213
604312
604385
60445
604455
60447
604511
604598
604645
604811
604827
60491
605356
60550
60556
605608
605631
605676
605715
605872
606063
606065
606120
606248
606252
606295
606390
606523
606591
606656
606672
60672
60687
606963
607107
607108
607260
607296
60741
608100
608208
60824
608263
60842
608818
608894
6100
61036
610743
61080
61084
610965
611121
611418
611511
611526
611576
611624
61179
612222
612262
613684
614076
614082
614344
614517
614556
614557
614656
614774
614807
61503
615886
61596
61679
61772
617965
61817
618418
618420
618795
619177
619188
619229
619273
619299
619485
619495
6195
619513
619575
619790
619837
61986
619885
619892
620000
620742
621077
621252
62131
621736
621800
621970
62207
62212
622161
622313
623024
623194
623245
623465
623474
623547
623618
624102
624110
62433
624333
624364
624481
624487
624524
624547
62587
625959
627065
627361
627431
627433
627880
627881
628123
628239
628624
628637
62865
628677
628843
629
629501
629758
629786
629863
630027
630150
630174
630254
630344
631269
631498
631730
631991
632010
632012
632170
632685
633530
633586
63363
633710
633807
633928
634180
634183
63419
634504
63494
63516
635366
635494
6356
635736
635737
636628
636741
636882
636884
636952
637066
637189
63720
637396
6376
637896
637973
638172
63827
63828
638654
638780
6388
638817
63906
639092
63926
639930
639932
639967
639968
640137
640523
6406
640806
641069
641180
641221
641426
64193
642093
64258
642778
642873
643177
643247
643252
643369
643783
643847
643980
643999
644202
644591
64534
645435
645484
645773
645985
647018
647022
647456
648571
648842
649098
649512
650046
650054
650159
650556
650776
650787
651261
651271
651389
651766
651930
653267
65334
653509
653542
653543
65365
653701
65437
65439
655083
6554
655982
656102
656191
656456
656791
657674
657723
658263
658642
658741
658742
65912
659589
6600
660256
660291
661677
662423
662439
662582
662656
662860
662915
662998
663
663053
663132
663133
663155
663160
663428
663494
664892
665000
665041
665043
665417
665418
66577
66579
665842
665880
665901
665929
665959
666019
666092
666094
666099
666132
666411
666593
667057
667137
66738
66780
66785
668047
668503
668609
66882
66883
668865
669035
669051
669424
669426
669555
669749
669779
669803
669805
669851
669852
669882
671134
671179
671280
671477
671490
671618
671680
67173
671871
671931
674288
675499
675629
6759
67602
67605
676106
676110
676876
6771
6773
677327
67753
677865
678003
678008
67816
67817
67848
678499
678548
67855
678590
67869
678827
679000
679166
679167
679709
67974
680272
680345
680356
680416
680488
680489
680513
680581
68074
681074
682255
682347
682465
682556
68260
683105
68332
68334
683775
683777
683914
684065
684066
684072
684297
684517
684587
684722
684756
684758
685683
685718
685760
685785
685907
686165
68631
68668
686873
686955
687098
687162
687307
687381
687480
687504
687642
687957
688029
688103
688292
688294
68848
688658
688674
68881
689141
689149
689245
689267
689829
68999
690099
690203
690236
690250
690309
690312
690456
690585
690782
69087
691089
691115
691324
691400
691426
691761
692665
69268
692702
692957
69299
693
69300
69320
693544
693545
693778
694071
694072
694087
694334
694335
694336
694412
694768
694828
695102
695530
695731
696224
696230
696375
696395
69665
697083
69798
698664
698867
699435
699498
699721
699733
699766
699896
69995
700105
700383
700484
700582
700583
700639
70072
700965
701428
701616
70225
702438
702453
702482
702588
703624
703640
703734
703829
703989
703990
704521
704584
704734
705019
705039
705040
705075
705095
705165
70520
70549
705540
705551
705617
705729
705807
705808
705817
705818
705865
70613
706566
706811
706813
706818
706845
706919
706999
707231
707261
707336
707386
707408
707435
707547
707557
707586
707598
707696
707735
707739
707755
707794
707972
708056
708057
708141
708248
70883
70904
70913
709254
709902
709927
709938
710203
710376
71040
710439
710440
710468
710536
710537
710636
710638
710979
710988
711544
71173
711751
712228
71227
712451
712506
712548
712570
712891
712980
713023
713044
713053
713156
713242
713342
713344
713352
713357
71357
71362
714384
714387
71544
715952
716110
716333
716880
716882
717151
717178
717210
717232
717413
717667
717677
718006
718358
718416
718456
718461
718529
718734
71880
718890
718973
718981
718985
719086
719134
719143
719153
719163
719197
719219
719468
719470
719486
719733
719734
719751
720015
720066
720082
720105
720130
720176
720183
720284
720619
720656
720845
721204
721236
721372
721498
721628
721651
721691
721757
721764
721852
722025
722192
722316
722397
722681
723149
723244
723566
723592
723723
723934
724103
724296
724297
724352
724483
724549
725073
725074
725331
725405
725597
725629
726104
726145
726177
726385
726513
726650
726654
726686
727038
727579
727666
727843
727997
727999
728354
728377
728638
729319
729333
729421
729432
729451
729472
729475
729494
729512
729739
729815
729911
730280
730311
730324
730768
730769
730817
730904
730928
730966
731000
731090
731117
731168
731269
731270
731315
731432
731447
731458
731469
731485
731489
731505
731507
731568
731586
731606
731615
731636
731637
731645
731646
731663
731725
731735
731783
731890
731898
731957
731975
731977
732102
732247
732287
732377
732379
732694
732779
732879
732890
732962
732988
733005
733176
733177
733180
733183
733195
73322
733359
733426
733542
7336
733728
733755
734652
734678
734881
73496
735003
735013
735045
735071
735198
735241
735299
735300
735349
735353
735382
735383
735491
735589
735791
735799
735834
736375
736417
736547
736571
73689
737418
737858
738119
738120
738338
738411
738451
738483
739140
739171
739895
740483
741154
741155
741823
74213
742675
742881
743346
743353
743376
744272
745063
745413
745910
746620
746682
746690
746692
747155
747236
747257
74745
74746
74750
747657
747814
74805
748196
748846
748936
749013
749082
7497
7498
7499
750715
751417
751419
751444
751572
751586
751610
751739
753172
753291
753302
753390
753782
753886
754286
75463
754640
754670
754676
754763
754854
754960
75507
755099
755158
755263
755271
755337
756131
75648
756628
756652
756658
756933
756941
757059
757305
75739
7577
75826
758485
758609
758743
758760
759154
759272
759365
75954
759804
760984
761136
761227
761239
761317
7615
761583
761850
761993
762286
762391
762392
76255
762552
762640
762899
763015
763206
763300
763340
763495
764239
764241
764416
764488
764513
764524
764559
764756
765306
765498
765990
766
766336
766478
766491
766497
767878
768406
76848
768968
76904
76906
769142
769170
769209
769232
769384
769620
769743
769798
769827
769834
769922
769950
769951
770082
771160
771749
772042
772183
772377
772551
772768
772928
772998
773838
773915
774339
774531
774609
774789
774825
774971
775295
775348
775518
775607
775759
775809
775824
775845
775876
775920
775921
7762
776261
776275
776303
776398
776408
776463
776466
776550
776832
777597
777801
777803
777912
777914
777918
777919
777970
778066
778118
778173
778205
778265
778275
7783
778315
778400
778418
778496
778667
778673
778674
778784
778854
779006
7791
7792
779676
779709
780077
780099
780457
780594
780610
780836
7809
7810
781013
781119
781704
781983
782165
782171
782511
782798
783255
783256
783460
783569
783570
783698
783702
783703
784036
784094
784104
784292
784317
784734
785047
785084
785293
78546
78547
785553
785566
7857
785881
785882
785937
786002
786308
786516
7872
787317
787489
7885
789202
789259
789260
789290
789308
789666
789833
789901
78997
7900
790694
790824
791366
7915
791601
791866
79188
792020
79223
792929
79293
793342
793378
794064
794252
79453
79485
79493
79495
79565
79598
796037
796525
796531
796532
796546
796746
79675
796750
796805
79682
796880
797
79740
797593
797870
7991
79915
799405
800360
800504
800525
800544
800545
800776
80078
800916
801012
801153
801164
801232
801399
801574
801848
801851
801917
80242
802427
802714
80276
802859
802877
802936
803389
803390
80352
804188
804410
804486
805342
8054
805781
805947
806135
806274
806735
807757
807872
808207
808233
808433
808574
80891
809380
809520
809748
809846
809961
810012
810310
810413
810437
810448
810451
810453
810459
81074
811091
811092
811143
811205
811207
811331
811410
811528
812541
812763
812846
812861
812959
812961
814317
814775
814789
814790
814791
814889
815352
815478
815479
815678
815786
815790
815792
815803
815897
81612
8166
81661
816670
816970
817012
817045
817140
817938
81808
818765
818904
819090
819123
819131
819322
819535
819588
819732
819964
820107
820388
820395
820746
821055
821122
821355
82164
821756
82217
822485
822551
822583
822601
822603
822814
822817
823014
823078
823316
823366
823376
823474
823679
823775
823776
823831
823887
825706
825711
825712
825779
825796
825809
825890
826170
826309
826338
826396
826409
826410
826420
826426
826437
826438
826455
826530
826532
826584
826800
826916
827566
82800
828265
828363
828385
828415
828882
828886
828954
828979
829535
8300
830319
830402
830882
830993
831132
831614
832
832000
832001
832331
832465
833306
83332
83361
833887
833888
834000
834132
834193
834288
834327
834392
8344
834417
8345
834500
83498
83530
835428
835623
835881
836047
836403
836405
83728
837440
837452
83761
837646
837772
837999
838216
838965
838968
838969
839057
839145
839146
839150
839151
839265
839268
839546
839548
839726
839878
839902
840402
840422
840450
840761
841143
841256
841257
841370
841458
841554
841578
841672
841711
841813
841815
841876
842087
842230
842537
84285
844172
844178
844918
845226
845283
845505
845820
846194
846196
846252
846981
847008
847010
847043
84737
847474
848150
849214
849362
849538
849546
849891
850054
850240
850351
850395
850447
850500
850569
851050
851060
851081
851233
85135
851822
851870
851948
851949
852019
852189
852233
852513
852798
853
853031
853322
853846
85428
854464
85447
85449
854623
854778
854837
854874
854989
855059
855676
85576
855958
855961
855963
85614
85660
85661
856846
856882
85700
857018
857043
85711
857405
857406
857407
857408
85787
858098
858614
858654
858814
858863
858939
859067
859098
859101
859544
859715
860293
860357
860364
860387
86062
861335
861407
861508
861510
862506
862522
863250
863354
863383
863454
863905
863944
863974
863975
864099
865705
865964
865990
866088
866755
868293
868295
868313
86880
86881
868877
868938
869073
86912
86915
869697
869701
869720
870246
870293
870294
870296
870646
870698
871315
871398
871401
871402
87189
872144
872411
872645
873026
873050
873197
873420
873862
873963
874068
87490
875025
875832
87596
875993
876943
877002
877287
877366
877448
877450
877471
877521
877563
877577
877680
877699
877803
877864
877887
877888
877981
877991
878018
878034
878037
878117
87813
878285
87830
87833
878600
878896
878905
879050
87913
879579
879635
879785
879866
879938
879941
880066
8816
882173
882360
882363
882432
882527
882821
882964
883358
883821
883874
884094
884302
884307
884309
884334
88502
885066
885770
885964
886134
88740
887840
888417
888425
888518
888524
888744
888755
888892
88893
888973
888987
888989
889210
889229
889340
889473
889483
889621
889626
889682
889698
889837
889977
890227
890297
890569
890633
89068
89069
890769
890770
890918
890997
891124
891276
891534
891591
891683
891780
891844
891991
892062
892063
892074
892111
892609
892738
893078
893090
893320
893706
893806
893984
894011
894600
894654
895018
895134
895168
895175
895178
895188
895521
895577
895605
896083
896205
896552
896565
896772
896899
897645
89809
898112
898402
898405
898822
898909
89910
899206
899251
899253
899886
899887
9000
900003
900125
900178
900474
900678
900798
900918
90121
90143
90147
901840
902025
902153
902282
902283
902308
902354
902365
9024
902566
902607
902666
902751
902762
902800
902912
903072
903211
903394
903399
903521
903573
903616
903732
903934
904005
904061
904333
904646
905550
905551
905591
905750
905811
905941
905985
906097
906368
906416
906531
906622
906623
906743
906983
907069
907298
907347
907355
907390
907691
907851
907878
908003
908017
908164
908400
908524
908549
908565
908628
908883
909
909219
909578
909928
910154
910964
910966
911116
911119
911620
911726
911736
911993
911995
912153
912168
912322
912419
912502
912953
912957
913203
913208
913266
913387
913389
913539
913622
913630
913668
913814
913956
913971
914123
914186
914309
914822
914936
915332
915616
915747
915752
915774
915788
915826
916119
916257
916828
917231
917287
917300
917333
917506
917542
917543
917555
917597
917604
917656
917678
917682
917774
917819
917852
917860
917861
917914
917964
917998
918005
918010
918080
918084
918088
918094
918108
918135
918153
918268
918387
918394
918551
918629
918680
918681
918719
918900
918963
919104
91936
91999
920682
920688
921692
9222
922240
92230
9224
92245
923
923151
92367
924690
925800
925936
926063
926178
926343
926592
926920
927637
927639
927649
927693
927697
927698
92801
928034
928038
928067
928173
928198
928212
928489
928969
9290
929186
929211
929285
929530
92972
92981
929819
929896
929964
930532
930584
930672
930704
930722
930782
930783
930918
930926
930927
930928
931903
932500
932502
93340
933891
93419
934582
934623
934690
934792
935003
935273
935566
935985
936016
936041
936043
936497
93665
936687
93712
93713
93718
93719
93726
937425
93749
937720
937831
937973
938
938077
938121
938175
938361
938389
93846
938582
938621
93865
93866
938690
938732
938741
938887
939087
939261
939284
939297
939520
939583
940099
940143
940285
940424
940476
940477
940479
940532
940655
940704
940705
940768
940770
940941
941240
94154
94188
942289
942291
943233
943276
943277
943281
943369
943692
943809
943830
944253
944542
944564
944629
944659
94490
945013
945020
94506
945060
945157
945159
945160
945229
945304
945313
945319
945324
945375
945486
945487
945490
945492
945495
945500
945502
945507
945590
94564
945779
945780
945807
94584
945881
946033
946463
946680
947205
947333
948314
948629
948663
94974
950987
951211
951747
951866
952950
953017
953107
953741
953762
953891
953946
953947
953965
953966
953968
953997
954016
954825
954826
954827
954882
955013
955057
955109
955214
955215
955244
955248
955373
955392
955408
955820
955822
955824
955934
956069
956080
956095
956882
957169
957275
957337
958430
958514
958786
958812
958813
958982
959173
959179
959195
959326
959331
959333
959335
959337
959339
959341
959343
959345
959347
959349
959351
959353
960035
960189
960219
960370
961871
961885
962003
962683
962719
962797
963282
9635
963515
963596
963706
963753
963868
964125
964139
964150
964343
964634
964993
965538
965641
965944
966037
966451
966456
966458
967164
9674
967617
967879
967897
968170
968613
968690
968691
968957
968962
969382
969430
969716
969722
969739
969743
969802
969828
969863
969918
970088
970104
970154
970178
970274
970278
970323
970365
970380
970487
970490
970716
970779
970920
972498
972504
973508
974
974056
974172
974347
974401
975124
975357
976013
976220
976248
97626
976260
97627
976294
978659
98080
981196
981259
981292
98156
98186
98197
982082
98224
98234
982355
982658
982754
983159
983255
983766
992
99925
99987
99988
