3
28
29
30
31
35
39
41
42
145
146
148
150
151
218
223
224
226
228
229
264
291
292
293
294
322
345
347
372
414
416
450
473
479
503
645
677
694
695
704
767
788
789
790
842
843
844
845
926
927
929
965
988
995
1068
1069
1072
1360
1361
2276
2287
3363
3483
3626
3627
3628
4237
4341
4342
4798
4799
4800
4802
4825
4826
5072
5073
5139
5140
5141
5720
5766
6444
6445
6450
6452
6484
6485
6486
6490
6492
6493
6494
6495
6496
7150
7319
7321
7322
7493
7495
7937
9100
9225
9740
9845
10372
10879
11328
11535
11580
12065
12182
12183
12184
12368
12569
12805
13753
13754
14279
14496
14497
14498
14499
16367
16538
16539
16540
16541
16542
16621
16622
16667
16674
16896
16918
17647
17650
18786
20269
20797
21045
21297
22790
23627
23633
23634
23908
23910
23911
23913
24595
24596
24597
28258
28378
31350
31351
31384
31578
31579
31580
32998
32999
35530
36323
36324
37223
37533
37601
37801
37802
37863
37865
37963
37964
38949
38950
38951
38952
38953
39446
39449
40203
40204
40272
40394
40395
40396
40397
41284
41285
41286
41342
41716
41717
41718
41775
41792
41795
41800
41801
41803
41804
41806
41807
41808
41809
41811
41813
41934
41935
41936
41937
41938
41939
41942
41943
41944
41946
41947
41972
42021
42023
42024
42907
42944
43093
43149
43797
43798
44632
44633
44726
44731
44733
44734
44736
44737
44738
44739
44740
44741
44742
44743
44751
44752
44775
44776
44778
44780
44825
44890
45003
45004
45005
45006
45040
45077
45078
45081
45082
45084
45085
45121
45196
45198
45199
45200
45202
45203
45204
45205
45206
45717
45718
45930
45932
45940
46528
46530
47390
47391
47431
47712
47713
47714
49157
49158
49159
49160
49671
50350
50794
50893
50894
50895
50898
50909
50910
50911
50912
51479
51481
51514
51515
51517
54418
54419
54655
55271
55272
55273
55276
55277
58917
58918
60181
60307
60325
60369
60370
60558
60602
60826
60992
61905
61907
61908
61909
62154
62155
62233
62234
62294
64173
64174
65928
65929
65930
66466
66467
66697
66698
66749
66750
66751
66752
67150
67151
67152
67612
67615
67616
68330
68521
68523
68562
68641
68642
68643
68644
68808
68812
68870
68871
68872
69000
69155
69156
69157
69444
69799
70135
70146
70147
70150
70521
70523
70524
70525
70968
70969
70970
70995
71877
71878
71879
72804
72805
73131
73913
74182
74183
74184
74185
74186
74201
74202
74806
74807
74809
75412
75594
75624
75642
75652
75985
76102
76121
76137
76153
76198
76394
76418
76419
76420
76446
76829
76830
76886
76973
76974
76976
76978
76979
76981
77000
77002
77003
77554
77584
77585
77586
77734
77845
78223
78224
78312
78314
78544
78700
78723
78800
78806
79207
79295
79296
79297
79429
79546
79547
79802
80138
80245
80382
80463
80464
80465
80466
81421
81422
81423
81652
81653
81654
82861
82862
82863
82864
82867
84088
84089
84090
84253
85396
85397
85398
85399
87867
87868
87937
87957
88253
88254
88255
88258
88396
88397
88541
88542
90153
90694
90695
90696
90888
90889
90890
90891
90898
90901
90936
90967
90989
91061
91074
91078
91079
91080
93258
93309
93680
94185
94971
94972
94973
95558
98106
100175
100505
101120
103412
103413
103414
103415
103737
103738
103739
103803
103999
104000
104001
104002
104003
105986
105989
105990
105993
105995
105996
105997
106447
106448
106449
108359
109238
109239
109240
109241
109360
110509
111598
114472
114473
114496
114497
114586
115243
115503
115611
116103
116104
116105
116106
116107
116108
116883
116884
116885
116886
116887
116888
116975
117576
117584
117586
117587
117588
118099
118131
118132
118485
118923
119612
119613
119614
119615
119616
119722
119766
119767
119768
120151
120152
120153
120518
120604
120870
120908
120993
120994
121070
121249
121250
121350
121352
121391
121392
121395
121417
121441
121468
121486
121492
121493
121495
121496
121504
121506
121669
121670
121671
121795
121869
121871
121892
121907
121908
121910
121915
121916
121917
121918
121921
121952
121955
121956
121987
121988
121989
122001
122090
122091
122096
122099
122209
122210
122213
122214
122215
122234
122243
122245
122255
122256
122259
122275
122276
122315
122360
122375
122398
122399
122400
122401
122403
122428
122429
122449
122543
122547
122549
122550
122568
122582
122595
122632
122680
122685
122880
122882
122883
122885
122886
122887
122894
122985
122989
122990
122992
122993
122994
123013
123025
123027
123028
123029
123032
123033
123036
123038
123039
123045
123052
123053
123054
123182
123183
123184
123207
123318
123320
123321
123323
123332
123333
123335
123336
123338
123347
123348
123349
123352
123378
123379
123382
123383
123384
123385
123619
123646
123848
123850
123860
123861
123939
123940
124042
124043
124044
124045
124133
124134
124136
124137
124139
124140
124141
124142
124143
124216
124264
124265
124414
125190
125344
125384
125393
125479
126296
126493
126777
126779
127754
128325
128512
132667
132979
133306
133454
133455
133825
133826
133827
136284
136766
136919
137533
137913
137914
138510
139282
139283
139642
139643
140634
140635
140636
140637
140951
140952
140958
140959
140997
141098
141151
141278
141279
142010
142011
142073
142076
142274
142563
142564
142565
142748
142870
142929
143117
143119
143307
143308
143309
143310
143396
143501
143503
143592
143606
143607
144030
144526
145212
145213
145214
145215
145224
145225
145226
145227
145230
145231
145233
145244
145245
145247
145248
145272
145273
145274
145275
145379
145381
145385
145386
145629
146526
146527
146861
147037
147373
148570
148809
149867
152351
152352
153029
154619
157100
157101
157103
157448
157449
157987
158592
158593
158594
158615
158616
158926
158927
158928
158929
161186
161204
161330
161381
161382
161383
162258
162348
162349
162350
162378
163700
163701
163810
163811
163859
163861
163873
164001
164161
164204
164205
164302
164305
165157
165158
165159
165223
165231
165232
165496
165497
165498
165499
165500
166285
166476
166477
167040
167059
167060
167357
167358
167462
167463
167464
167474
167683
167686
167986
167987
167998
167999
168093
168102
168113
168125
168128
168129
168130
168172
168326
168627
168648
168651
168652
169115
169116
169117
169118
169202
169203
171036
171037
171038
171324
171363
172411
172412
174316
176293
176294
176295
177290
178242
178864
178865
178866
178875
179017
179354
180116
180117
180118
180122
180137
180138
180139
180140
180165
180171
180172
181276
181277
181278
181362
181363
181364
181401
181522
182031
182032
184497
184498
185545
187279
187458
187459
187463
190435
192236
192238
192239
192241
192242
192298
193271
193850
196673
196674
196675
196676
196677
196678
196680
197780
197908
197910
197911
197976
198231
198829
199489
199598
199873
200084
201038
202227
202660
202661
203368
203828
203845
203847
203849
203850
203851
203852
204119
204336
204504
204509
204621
204622
205298
206503
207250
207251
207490
207492
207762
207831
208068
208114
208115
208116
208117
208118
208151
208194
208253
208271
208273
208274
208275
208414
208450
208451
208452
208653
208654
208655
208656
208726
208727
208923
208990
208996
209052
209059
209063
209097
209107
209151
209176
209188
209189
209190
209195
209202
209209
209220
209221
209222
209579
209580
209582
209623
209624
209748
211693
212590
212591
212592
216000
216516
216519
216520
216521
217743
217744
217858
217859
217860
217862
217863
218034
219049
219050
219410
219559
219560
219561
219562
219563
223309
223310
223312
223360
223362
223366
226232
227499
227984
227985
227986
228384
229623
230437
230438
230795
232322
234640
234872
235031
235032
235033
236588
236589
237639
237640
237641
237956
237957
237981
238375
238376
238382
238482
238483
238502
238588
238589
238590
238634
238635
238636
238637
238672
238823
238832
238833
238961
238962
239277
239279
239551
239552
239696
239697
239698
239699
239857
239860
239861
239862
239863
239864
239865
239866
239867
239868
239886
239889
239925
239951
239952
239981
239982
239983
239984
239985
239986
239987
239988
240002
240004
240006
240007
240019
240043
240066
240067
240068
240167
240168
240169
240297
240298
240300
240303
240304
240365
240384
240398
240399
240400
240401
240461
240462
240463
240464
240465
240472
240487
240488
240496
240559
240560
240722
240851
240852
241143
241144
241147
241357
241358
241362
241363
241657
242024
242699
243824
245408
245619
245620
245621
245622
245934
246308
246309
247137
247138
247139
247256
247257
248938
248939
248940
248943
249018
250814
251335
257090
257091
257100
257161
257162
257163
257164
257165
257185
257187
257700
257702
257703
257705
257947
257948
258572
259778
259780
262184
262185
263029
263097
263206
264506
264866
264867
264921
264922
265204
265205
265206
265591
266205
266284
266285
266286
266287
266460
266461
266499
266530
266531
266532
266533
266608
266636
266637
266639
266811
266812
266813
266814
266908
267216
267221
267264
267265
267266
267489
267490
267511
267512
268181
268182
268183
268185
268194
268225
268226
268244
268256
268318
268319
268476
268477
268504
268574
268583
268588
268589
268682
268683
268705
268714
268716
269029
269031
269032
269053
269054
269227
269228
269498
269800
269833
269834
269835
269951
269952
269953
270218
270219
270220
270221
270222
270349
270350
270351
270601
270773
270774
270775
270934
270935
271010
271014
271015
271016
271021
271022
271023
271024
271025
272008
272510
272511
272512
272542
272553
272751
273065
273121
273633
274608
274646
274880
275754
275755
275757
275758
275759
275760
276189
276190
276387
276388
276736
276741
276987
277161
277195
277196
277197
277257
277258
277957
277958
277959
279601
279605
279606
279746
281733
281916
281917
281919
281920
281921
281922
281996
281997
282577
282578
282579
282580
282581
282582
282583
282689
282994
283760
283761
283762
284508
284899
284902
285293
285960
285961
285962
286385
286386
286387
286797
286798
286799
286804
286805
286806
287623
287919
288093
288094
288095
288096
288097
288098
288277
288278
288279
288280
288281
288642
288940
288942
288943
288944
288945
288946
288947
288981
288982
288983
288984
288985
288986
288987
289024
289025
289026
289027
289028
289671
289672
289673
289674
289675
289677
289678
289716
289745
289902
289903
289904
289905
289906
290963
290964
290965
290966
291253
291266
291622
291623
291948
292274
292275
293256
293525
294246
294556
294628
294629
294649
294823
294824
295106
295149
295327
295335
295380
295387
295399
295401
295461
295487
295488
295489
295491
295492
295542
295604
295622
295623
295631
295632
295652
295700
295701
295703
295706
295707
295724
295725
295726
295761
295781
295792
295793
295951
296196
296197
296198
296215
296216
296225
296226
296249
296256
296257
296258
296266
296267
296281
296581
296582
296631
296632
296636
296655
296778
296826
296827
296828
296829
296830
296831
296832
296833
296834
296837
296839
296991
296998
297010
297011
297012
297014
297015
297016
297066
297067
297068
297069
297070
297128
297452
297492
297549
297660
297807
298037
298039
298392
298566
298567
298569
298570
298571
298572
298575
298576
298577
298578
299096
299489
299727
299728
299732
299733
299734
299735
300525
300641
300642
300643
300644
300645
300646
300648
300650
300651
300780
301857
301859
301886
301888
301966
301967
301969
301993
301995
302178
302471
302472
302670
302672
302696
302698
303534
303535
304089
304432
304482
304483
304830
304851
304852
304856
304859
304861
304864
305028
305032
305033
305247
305251
305255
305256
307529
307530
307777
307868
307869
308192
308194
308300
308302
308303
308305
308352
308353
308355
308356
308359
308467
308469
308551
308780
308781
308782
308805
308877
308892
308972
309026
309027
309028
309055
309154
309469
312865
312866
312867
312870
313652
313653
313781
313783
313785
313786
313787
315461
315976
315977
315978
316253
316415
316491
316741
318803
318804
319791
319881
319904
319905
320028
320029
320399
320402
320575
320576
320790
321000
321002
321003
321004
321404
321416
321469
321470
322301
322302
322308
322309
322310
322383
322578
323475
323476
324002
324351
324352
325643
325660
325720
326147
326301
326302
326407
326408
326576
326577
326751
326753
326754
326755
326756
327152
327153
327154
327342
327367
327398
327399
327400
327401
327556
327714
328040
328117
328118
328119
328120
328121
328122
328123
328154
328166
328168
328177
328243
328256
328264
328278
328343
328481
328482
328483
328547
328559
328570
328571
328572
328575
328580
328605
328628
328629
328631
328651
328652
328653
328795
328847
328848
328850
328854
328871
328951
328954
328964
328965
328966
328967
328975
328978
328979
328981
328982
328983
328984
329028
329052
329053
329054
329087
329096
329160
329161
329163
329164
329165
329166
329167
329169
329172
329173
329195
329197
329202
329203
329211
329215
329258
329259
329298
329299
329308
329440
329454
329491
329496
329535
329536
329537
329538
329563
329659
329717
329718
329723
329724
329794
329795
329875
329876
329877
329892
329896
329947
330048
330050
330051
330053
330186
330196
330256
330258
330307
330558
331064
331105
331142
331143
331543
331544
331545
331548
331549
331663
331664
331665
331666
331667
331731
331736
331764
331765
331807
331979
331980
332275
332276
332288
332401
332554
332555
332556
332558
332579
332580
332690
332691
332692
332717
332771
333846
333847
333848
335176
335226
335227
335228
335229
335454
335518
335519
335757
335760
335785
335786
336132
336164
336191
336265
336266
336267
336268
336269
336357
336617
336816
336884
336902
337482
337522
337586
337588
337609
337610
337611
337958
337959
339118
339707
339708
339709
339897
339900
340520
340521
340522
340523
340524
340525
340526
340527
340840
340841
340842
340843
341198
341701
341702
341703
341704
341705
341706
341707
341708
341729
341730
342901
343532
343533
343534
343536
343537
343538
343541
343542
343620
343621
343632
343637
343638
343639
343640
343641
343655
343656
343669
343675
343678
343688
343689
343699
343703
343717
343718
343720
343722
343730
343731
343737
343739
343740
343741
343742
343743
343755
343756
343757
343758
343763
343767
343768
343769
343770
343797
343798
343799
343808
343809
343815
343816
343829
343832
343833
343834
343835
343836
343848
343849
343850
343865
343866
343867
343882
343883
343887
343889
343923
343930
343931
343956
343957
343958
343959
343963
343964
343993
343994
343995
344221
344222
345321
345322
345620
346463
346464
346530
346783
346784
348240
351647
351648
351649
351829
351831
351832
352040
352953
352954
353463
353464
355573
355574
355837
355838
355839
355842
355874
356298
356299
356499
356753
356755
356756
356944
356985
357101
357137
357142
357416
357417
357675
358196
358264
358265
358267
358301
358302
358435
358459
358460
358490
358491
358536
358643
358650
358959
358960
358999
359000
359062
359063
359064
359085
359086
359265
359269
359331
359382
359482
359483
359484
359492
359551
359558
359581
359590
359724
359727
359728
359730
359731
359815
359826
359858
359861
359862
359917
359920
359953
360024
360050
360051
360052
360053
360054
360097
360173
360174
360294
360342
360343
360401
360403
360446
360494
360532
360611
360650
360651
360691
360791
363323
363324
363382
363539
363674
363675
363676
364248
364513
364514
364515
365025
365026
365027
365123
365188
367297
368632
368825
369244
369282
369283
369316
369317
369318
369696
369698
369712
369720
369721
371170
372954
372955
373041
373042
373791
373792
373794
373795
373797
374262
374263
374600
376188
381577
381867
382104
382378
382379
382380
382392
382561
382562
383969
384415
384498
384508
384509
384510
384690
384691
384857
384977
385017
385024
385025
385157
385158
385179
385199
385201
385202
385207
385208
385273
385421
385453
385571
385591
385603
385622
385729
385730
385815
385816
385817
385841
385842
385843
385867
385874
385875
385941
385942
385953
386127
386128
386130
386131
386133
386134
386155
386534
386685
386686
386687
386713
386839
386840
386841
386842
386843
386851
387314
387322
387323
387324
387328
387334
387340
387341
387355
387357
387367
387443
387444
387516
387518
387549
387796
387842
387843
387844
387845
387846
387847
387849
387850
387851
387854
387897
387904
387905
387946
387988
388050
388051
388060
388101
388271
388273
388318
388824
388825
389300
389301
389306
389307
389319
389320
389508
389666
389720
389721
389722
389723
389724
389861
389862
389927
389952
389953
390024
390025
390204
390212
390213
390495
390496
390547
390701
390739
390753
390832
390833
390843
390844
390845
390846
390847
390848
390849
390864
390865
390905
391182
391256
391258
391259
391260
391261
391268
391269
391270
391346
391347
391497
391498
391640
391641
391668
391813
391918
391932
391942
391968
392008
392018
392156
392157
392613
392614
392615
392774
392906
392932
392943
393180
393207
393217
393218
393239
393246
393257
393260
393261
393268
393271
393296
393299
393306
393309
393310
393312
393319
393349
393363
393367
393389
393423
393460
393488
393489
393503
393513
393535
393576
393599
393847
394300
394410
394674
394917
395043
395143
395145
395311
395616
395677
395678
395679
395692
395693
395696
395697
397671
397691
397710
397748
397775
397786
397807
397809
397858
397897
397965
398013
398044
398148
398203
398223
398224
398242
398340
398341
398369
398384
398451
398480
398540
398542
398543
398566
398614
398695
398792
398833
398834
398890
398914
398921
398922
398973
399085
399257
399312
399402
399411
399412
399719
401154
401419
401420
401421
402720
402721
402737
402739
402816
402819
402828
403071
403084
403085
403197
403395
403413
403415
403505
403534
403553
403568
403569
403570
403577
403595
403616
403650
403663
403685
403714
403717
403730
403741
403798
403811
403836
403907
403951
403965
403987
403995
404006
404035
404113
404114
404116
404293
404295
404369
404370
404378
404804
404938
404939
404940
404941
404942
404943
405111
405121
405132
405280
405282
405284
405288
405290
405291
405292
405402
405483
405484
405676
405678
405809
406134
406246
406247
406249
406668
406738
406739
406772
406776
406784
406798
406802
406896
406943
406949
406965
406973
406979
407001
407003
407004
407006
407011
407014
407020
407022
407032
407063
407075
407080
407093
407111
407113
407128
407143
407316
407379
407554
407555
407556
407955
407956
408129
408130
408131
408242
408245
408438
408645
408646
408647
408648
408649
408686
408849
408863
408889
408890
409102
409126
409127
409234
409315
409316
409450
409451
409487
409548
409550
409551
409552
409686
409687
409734
409857
409859
409860
409861
409871
409913
409914
410073
410074
410075
410121
410239
410240
410366
410371
410436
410437
410603
410604
410606
410607
410608
410609
410610
410611
410832
410833
410834
410904
410905
410926
410927
410939
410940
410993
410994
410997
410998
411061
411097
411124
411195
411253
411254
411328
411333
411363
411396
411397
411401
411412
411422
411432
411475
411478
411488
411502
411505
411516
411530
411555
411558
411573
411574
411587
411590
411599
411600
411606
411646
411666
411677
411707
411708
411727
411738
411767
411776
411803
411811
411812
411817
411830
411836
411873
411889
411928
411943
411946
411958
411961
411962
411978
411980
411996
412000
412020
412044
412253
412309
412315
412426
412437
412460
412619
412620
412633
412651
412657
412658
412659
412683
412700
412783
412784
412903
412958
412960
412998
412999
413009
413010
413015
413016
413152
413153
413186
413187
413188
413190
413222
413241
413243
413245
413267
413273
413274
413276
413277
413283
413291
413292
413293
413334
413489
413595
413596
413678
413759
413760
413761
413763
413776
413778
413779
413802
413810
413811
413814
413824
413847
413854
413855
413856
413945
413946
414147
414198
414199
414204
414213
414233
414234
414238
414241
414254
414261
414273
414276
414281
414283
414320
414321
414322
414323
414324
414325
414327
414339
414343
414354
414357
414359
414368
414377
414382
414389
414393
414395
414396
414408
414415
414425
414426
414435
414448
414451
414455
414456
414468
414470
414478
414479
414505
414506
414538
414539
414540
414541
414542
414547
414566
414567
414626
414647
414648
414649
414650
414651
414661
414662
414675
414678
414705
414716
414718
414742
414755
414756
414827
414868
414885
415033
415034
415035
415036
415037
415173
415175
415222
415256
415663
415664
415665
415666
415947
416040
416041
416304
416305
416306
416307
416309
416648
416649
416651
416933
416934
417120
417121
417823
419010
419222
419223
419384
419386
419387
419388
419389
419390
419391
419417
419418
419699
419700
419701
420478
420766
420919
420920
420921
420922
423630
424362
424363
424364
424366
424367
424372
424680
424682
424694
424882
424883
428973
429805
430171
430172
430173
431064
431066
431067
431068
435047
435443
437877
437878
437941
438758
438759
438962
438963
438965
442487
442488
445434
445509
446246
446247
446248
446249
446454
447176
447188
448590
449030
449269
449270
449823
450281
450325
450404
450597
450598
450617
450656
450789
450792
450793
450889
452684
452686
454846
455170
455171
455378
455379
455380
455937
455938
456142
456270
456401
456404
456427
456428
456429
456656
456966
456967
456968
456969
456971
456972
456974
456975
456976
456977
456978
457113
457114
464579
464948
466782
466983
467377
467750
467754
467755
467756
467841
467842
467843
467844
469006
469342
469344
470448
470458
471040
471041
471043
471044
472421
472422
476714
477015
477209
479097
479102
481240
481701
482264
482265
482532
482656
482657
482666
482667
482869
482870
482881
484214
484243
484304
484464
485290
485291
485753
486663
486680
486681
486682
486834
487563
487641
487642
487643
488711
488716
488717
488967
488968
488969
488970
488971
488972
488973
488974
489072
489073
489074
489081
489082
489083
489370
489688
489707
489765
489766
489789
490190
490192
490193
490194
490524
490600
490601
490633
490635
490707
490754
490755
490778
490796
490797
490834
490835
490836
490837
490840
490841
490883
490969
490978
490979
490980
491030
491101
491111
491112
491113
491140
491328
491508
491509
491510
491579
491580
491703
491787
491788
491795
491796
491797
491798
491799
491801
492162
492466
492677
492678
492680
493598
493600
493602
494915
495007
495803
495804
496937
496938
496953
497213
498373
498375
498768
498769
498771
499575
499604
499605
499606
499607
499608
499609
499610
499611
499612
499613
499782
499783
499784
499785
499786
500132
500531
500532
500533
500534
500899
500900
500901
500902
500903
501454
501456
501457
501714
502187
502188
502472
502473
502474
503042
503043
503044
505300
505759
505879
505897
506337
506343
506945
506946
506947
506948
507417
508046
508361
510557
510559
510560
510561
510565
510847
511070
511071
511072
511568
511569
511578
512646
512647
512648
512649
512650
512653
512654
512655
512656
512657
512700
512786
512787
512816
512919
512920
512934
513159
513181
513182
513183
513184
513209
513240
513328
513370
513378
513379
513380
513463
513542
513543
513551
513553
513554
513639
513640
513641
513642
513675
513701
513768
513770
513772
513802
513812
513860
513861
513863
513864
513909
513975
513990
513992
513999
514000
514001
514002
514003
514004
514133
514134
514136
514205
514355
514356
514574
514583
514584
514595
514687
515007
515660
515667
515690
515691
516181
516182
516541
516542
516546
519826
522405
522455
522456
522457
522470
522471
522524
522525
522526
522527
522528
522532
522533
523284
523285
523560
523561
523641
523642
523645
523646
523647
523648
523650
523651
523652
523656
523657
523658
523823
523917
523984
524450
524451
524452
524453
524454
524455
524456
524457
524458
524459
524519
525266
525428
525499
525500
525501
525502
525503
526354
526357
526358
526395
526446
526563
526564
526652
526653
526654
526655
526659
526660
526744
526758
526768
526951
526952
527005
527006
527007
527132
527208
527209
527217
527275
527460
527480
527492
527493
527500
527682
527683
527772
527773
527774
527775
527776
527780
527781
527782
527833
527864
527865
527879
527880
527881
527882
527883
527884
528013
528014
528162
528165
528168
528173
528214
528215
528222
528238
528239
528287
528293
528295
528296
528297
528298
528299
528300
528306
528311
528435
528487
528532
528659
528690
528691
528763
528764
528950
529197
529205
529206
529207
529215
529236
529238
529255
529256
529313
529365
529370
529371
529372
529389
529390
529392
529393
529413
529414
529434
529458
529508
530222
530345
530675
530676
531683
531684
531686
531698
531699
531700
531701
531771
531772
531774
531820
531859
531860
531861
531895
531897
531898
531899
531900
531914
531915
531916
531940
531941
531942
532047
532215
532218
532222
532223
532464
532505
532506
532507
532508
532509
532668
532726
532727
532728
532765
532766
532767
532768
532769
532777
532778
532779
532781
533209
533210
533581
533582
533583
533584
533585
533586
533587
533706
534143
534345
534436
534803
534914
535262
535264
535267
535268
535863
535864
535907
536049
536050
536051
536052
536053
536367
536448
537084
537101
538285
538286
538287
538288
538808
538944
539003
539065
539093
539094
539134
539165
539169
540867
541302
541303
541305
541306
541307
541308
541792
541982
542174
542175
542176
542318
542362
542543
542544
542545
543160
544000
544001
544015
544323
545022
545157
545158
545160
545199
545201
545206
545207
545251
545252
545253
545278
545304
545324
545325
545334
545335
545336
545337
545414
545430
545431
545434
545435
545448
545449
545450
545451
545452
545464
545494
545570
545577
545713
545865
548066
548533
548830
549017
549840
549890
549891
549892
549893
551387
551465
551466
551467
553067
553154
554696
554698
554699
556418
556884
556885
556886
556899
556978
557179
557181
557201
557833
557938
558342
558372
558379
558380
558392
558393
558396
558399
558417
558421
558422
558578
558579
558982
559363
559364
559365
559527
559629
559898
559900
560175
560176
560223
560355
560358
560989
560990
560991
560992
560993
560994
561569
562769
564226
564227
564269
564587
567392
567395
567396
567503
567504
567526
569249
570634
570715
570717
572653
573901
574833
574902
574903
574904
574905
574906
578536
578538
578539
579924
579925
579927
579928
581348
581358
581359
581360
581666
581667
582004
582005
582007
582201
583054
583151
583152
583154
583155
583559
583561
584223
584224
584225
586808
588121
588122
589529
589531
589906
590377
591524
591525
591526
591527
591767
595320
595321
595322
597018
599199
599861
599862
599864
599865
600893
600894
600895
600897
600898
600899
601236
601369
601370
601371
601381
602097
605019
605045
605076
605082
605114
605136
605210
605211
605212
605220
605267
605269
605271
605306
605316
605317
605318
605319
605320
605368
605378
605379
605412
605417
605418
605419
605485
605486
605487
605488
605556
605585
605586
605587
605600
605602
605604
605605
605708
605850
605868
605869
605871
605873
605999
606084
606086
606118
606199
606391
606392
606394
606545
606547
606548
606549
606551
606552
606737
606785
606814
606855
606856
606886
606887
606888
606889
606957
606958
607026
607027
607054
607055
607056
607399
607860
607861
607894
608200
608201
608396
608397
608970
609507
610675
611404
611406
611953
612575
612576
612577
613439
615047
615703
615879
616982
621068
621070
621071
621072
621073
621074
624529
624530
624531
624532
628130
628131
628683
628735
628741
628764
628765
628839
628882
629998
629999
633587
633588
637069
639246
639247
639248
639959
640632
641030
641031
641945
642572
642666
642683
642684
642688
642689
642690
642691
642692
642693
642888
642889
642890
642895
642896
644855
646693
648536
650170
650171
652051
652842
652843
653034
653337
658319
658320
659868
659869
662644
662993
663496
663805
663806
663807
663808
663809
663810
663811
663822
663955
663999
664000
664254
664728
664729
664730
664812
664935
664937
664975
665101
665243
665281
665421
665423
665427
665428
665455
665496
665497
665532
665533
665605
665607
665608
665730
665731
665777
665784
665836
665837
665838
665839
665840
665960
665962
665963
665965
666020
666021
666083
666090
666098
666224
666225
666226
666335
666336
666337
666338
666344
666345
666346
666347
666348
666449
667132
667983
668070
668567
668568
668705
668706
668877
669004
671904
671905
671906
671907
673398
673399
674126
674289
677163
677689
677690
677957
678514
678515
678516
678868
680490
683340
686154
686156
686157
686250
687240
687444
687461
687577
688025
688027
688030
688759
688760
690441
691303
693076
694331
694332
694890
696493
700321
701181
701182
705816
706115
706117
706118
706815
706816
706817
707855
707856
707857
709328
709552
709553
710676
710699
710705
710708
710859
711826
712718
712719
712720
712721
712722
713079
713347
713374
713375
715510
716059
716060
716061
716062
717209
717264
717265
717803
717804
718453
718553
718554
718618
718620
718767
718936
719201
719202
719203
719204
719220
719272
719273
719274
719316
719317
719318
719657
719660
719689
719690
719709
719724
719739
719774
719791
719967
720507
720510
720681
720682
720684
720685
720687
720688
720689
720695
720696
720697
720777
720791
720876
720877
721043
721044
721046
721047
721048
721192
721193
721194
721195
721196
721745
721831
721985
722116
722117
722118
723191
723193
723434
724136
724137
724141
724162
724164
724165
724608
725431
725432
725985
726780
726781
726846
726847
726848
727623
729509
729596
729928
729929
729931
729942
729954
730189
730269
730283
730291
730296
730321
730322
730351
730364
730365
730366
730376
730377
730386
730620
730621
730847
730848
730903
731038
731099
731223
731224
731226
731227
731228
731229
731247
731265
731266
731268
731278
731311
731312
731313
731538
731664
731665
731736
732095
732104
732305
732871
733671
733672
734088
734530
734863
734865
735011
735012
735497
735498
735502
735692
735693
735717
735718
735740
744249
744250
744251
746687
754702
759251
759252
759253
759254
760767
762062
763275
763746
765478
766493
766494
766495
766496
767435
767887
768180
768181
768776
769752
769754
769917
769919
769940
771962
771965
772429
772495
772592
772593
772594
772595
772596
772597
772598
772600
772601
772602
772604
772684
772685
772686
772717
772718
772765
772839
772840
772844
772845
772848
772874
772875
772876
772877
772892
772896
772907
772945
772965
772966
772967
772971
772973
772974
773157
773202
773617
773648
773649
773650
773741
773921
773924
773926
773927
773928
774241
774256
774257
774336
774338
774347
774496
774588
774589
774590
774591
774592
774712
774713
774967
774968
775068
775069
775070
775280
775346
775370
775769
775797
775815
775820
775821
776118
776119
776276
776277
776280
776281
776282
776336
776337
776446
776447
776456
776514
776534
777032
777156
777493
777600
777601
777673
777782
777783
777784
777785
777786
777787
777789
777791
777890
777891
778191
778378
778401
778402
778403
778404
778405
778407
778412
778413
778414
778415
778416
778417
778437
778442
778443
778445
778446
778470
778655
778658
778665
778666
778670
781122
781123
781124
781125
781126
781128
782291
782292
782293
782294
784976
784977
785358
786555
786556
786557
786558
786559
786777
787924
787925
787926
787929
787930
787931
788256
788320
789258
789267
789268
789286
789287
789381
789382
789383
789572
789681
789830
789831
789861
790033
790586
790587
790711
791637
792924
792925
792926
792927
792928
793020
793021
793022
793024
793031
793032
793528
793974
793975
793976
793978
793980
793981
793982
794171
794172
794180
794191
794236
794358
794592
794593
794595
794596
794597
794598
794599
794601
794602
794604
794605
796745
796773
796844
796845
796848
796849
796850
796972
797097
797098
797099
797102
797141
797142
797143
797480
797481
797485
797727
797728
797729
798429
799865
800270
800271
800273
800274
800275
800276
800509
800510
800531
800532
800717
800815
800816
800817
800905
800906
801166
801613
801614
801615
801866
801867
801902
802060
804494
804571
804572
804573
804574
804575
805883
808163
808853
808854
808857
808984
809401
809569
809620
809622
809679
809681
809682
809684
809703
809704
809845
809853
810225
810226
810358
810456
811147
811269
811285
811330
811522
811956
814116
815140
815714
815715
815716
815875
815876
815877
815878
817466
817467
817469
817471
818992
818993
819072
819073
819074
819075
819076
819077
821009
821010
821011
821067
821642
821643
822269
822270
822273
822274
822276
822277
822278
822279
822280
823023
823455
823602
823849
823850
823894
823895
824453
824454
825647
825649
825700
825713
825742
825795
825905
825906
825907
825936
825939
825958
825959
826177
826178
826188
826190
826394
826480
826481
826482
826923
827572
827976
827978
827979
827980
828207
828210
828211
828212
828213
828243
828287
828288
828289
828375
828376
828377
828378
828986
829084
829238
829255
829336
830306
830307
830309
830316
830317
830364
830470
830474
830480
830482
830491
830594
830599
830600
830807
830867
830885
830965
831063
831064
831066
831067
831074
831124
831496
831621
831838
831840
831841
831852
831879
831880
831913
831921
833820
834163
834286
834362
835183
835184
835185
835186
835188
835189
835259
835260
835261
835543
835722
835732
835738
835755
835757
835777
835807
835935
838838
838839
838888
838958
838959
839117
839118
839300
839877
840342
840343
840344
840985
841991
841992
844077
844078
844079
845513
845515
845516
845795
845909
846927
846928
847005
847006
847007
848778
852564
852816
852818
852819
854963
854964
857149
857331
857519
860416
861164
863798
863893
863894
863895
870012
870013
870014
870015
870016
870017
870191
870192
870193
870194
870195
870696
870697
872413
872414
873272
873273
873477
873478
874144
874145
874146
874147
874690
874691
874692
874693
874694
875895
876034
876063
876064
876066
876067
876102
876103
876132
876149
876196
877102
877118
877120
877121
877298
877299
877300
877444
877449
877454
877455
877456
877457
877459
877469
877476
877478
877524
877529
877530
877556
877557
877559
877580
877655
877682
877694
877695
877754
877771
877832
877833
877834
877835
877854
877877
877987
878043
878066
878080
878090
878110
878111
878137
878139
878140
878238
878239
878244
878273
878283
878294
878295
878297
878298
878314
878315
878360
878383
878384
878385
878387
878399
878400
878521
879677
882605
882606
882931
882932
884723
884724
884725
885866
885867
887477
887478
887479
887845
887846
888726
888727
888740
888741
888742
888748
889435
889484
889485
889675
889945
889946
889978
890345
890346
890347
890514
890570
890571
890575
890576
890822
890823
890846
890848
890850
890851
891027
891505
891595
891805
891806
891834
891835
891836
891838
891839
891840
891967
891968
892130
892163
892164
892165
892166
892167
892256
892257
892515
892584
892665
893349
893352
893353
893373
893375
893469
893673
893702
894010
894064
894305
894746
894789
895157
895158
895159
895940
896933
899062
899063
899065
899335
899439
899440
900134
900135
900179
900475
900477
900479
900847
901075
901471
901472
901473
901474
902050
902086
902188
902230
902231
902555
903455
903456
903528
903702
903703
903704
904441
904762
904774
904821
904822
904823
905229
905230
905590
907850
908419
908433
908880
908920
909117
909119
910955
910956
910997
911113
911490
911933
911996
911997
911998
912499
912500
913046
913223
913360
913534
913551
913552
913565
913566
913567
913568
913764
913832
913911
914478
914479
914480
914481
914482
914625
914626
914791
914807
914808
915126
915128
915561
915562
915563
915594
915599
915610
915611
915612
915657
915658
915695
915698
915699
915701
915702
915703
915770
915801
915802
916114
916115
916116
916117
916307
916341
916420
916421
916443
916445
916666
916697
916876
917132
917133
917225
917337
917345
917346
917347
917389
917391
917392
917393
917394
917576
917577
917578
917579
917580
917596
917602
917610
917612
917627
917630
917631
917647
917816
917817
917818
917837
917838
917845
917846
917847
917851
917862
917863
917864
917879
917880
917892
917944
917977
917978
917979
917980
917999
918000
918003
918055
918056
918082
918083
918090
918100
918107
918219
918220
918222
918270
918271
918272
918305
918357
918358
918359
918360
918361
918733
918734
918735
918848
918849
918850
918883
918884
918889
918890
918891
918892
918894
918895
918896
918907
918908
918916
918932
918934
918935
918938
918982
918984
920458
920555
920558
920567
920569
920570
920572
920602
920604
920768
920811
920812
920906
920907
921109
921111
921112
921142
922002
922003
922004
922006
922007
922008
922230
922231
922236
922237
922238
922320
922322
922323
925634
925635
925636
925774
925937
926092
926441
927352
928034
928035
928036
928531
929526
929527
929969
930104
930720
930721
930788
930789
933714
933716
933717
933719
933972
933973
934524
934525
934526
934527
934616
934929
934930
934931
934932
934933
934934
935761
936689
937657
937668
937669
938075
938103
938252
938277
938314
938531
938692
938693
939083
939084
939085
939086
939187
939205
939207
939262
939263
939264
939265
939266
939501
939502
939629
939631
939632
939633
939635
939636
939638
939952
940094
940096
940097
940811
940812
940813
940814
940815
940816
940817
940955
942304
942647
942648
943944
944542
944543
944815
944816
945015
945016
945315
945316
945317
945348
945351
945352
945376
945377
945493
945509
945510
945704
946057
946058
946059
946135
946136
946192
946594
946933
947336
947463
947464
947465
947466
947467
947468
948207
948208
948209
948625
948627
948628
948633
950725
950985
952039
952946
952947
952948
953206
953208
953209
953211
953212
953213
953214
953215
953216
953217
953218
953386
953388
953538
953539
953540
953733
953734
953831
953832
953840
953841
954040
954041
954711
954712
954713
954714
954715
954716
955409
955410
955879
955880
955881
955882
955885
955886
956551
957260
957261
957307
957308
957309
957310
958730
959919
960644
961071
961841
961860
962159
962323
962653
962654
962968
962969
962970
963588
963597
963598
963600
963601
963602
964045
964046
964048
964143
964144
964145
964245
964247
964301
964302
965583
965584
965585
965586
965784
965828
965946
965947
965949
965950
965951
966429
966430
966508
966934
966936
967093
967094
967095
968164
968165
968332
968333
968388
968882
968883
968884
968885
969049
969050
969053
969217
969218
969219
969328
969329
969483
969484
969485
969655
969700
969824
970245
970366
970377
970378
970482
970483
970484
970485
970486
970578
970664
970665
970666
970699
970700
970705
970706
970707
970708
970710
970711
970712
970723
970724
970732
970748
970750
970751
970754
970798
970800
972274
972371
972374
972383
972385
972386
972388
972418
972420
972584
972627
972628
972722
972723
972925
972927
972928
972958
973818
973819
973820
973822
973823
973824
974046
974047
974052
974053
974054
